NAME = AISearchfile090,
SIZE = 090,
297,213,298,166,113,116,123,114,108,192,113,168,186,292,186,181,219,116,224,286,250,212,108,180,291,156,149,160,290,167,223,251,138,218,252,180,103,200,158,242,174,114,131,198,296,138,149,238,115,232,131,262,118,226,146,268,155,206,256,188,137,264,265,279,217,105,204,249,122,178,176,271,158,104,181,247,254,105,204,104,300,267,131,153,119,214,139,193,201,192,
230,201,146,168,290,226,272,185,231,101,103,126,210,188,281,295,249,287,121,131,220,216,124,165,245,103,271,126,104,276,129,248,185,185,194,199,250,260,203,268,234,116,161,133,160,297,182,254,186,105,167,102,286,157,286,183,134,173,132,102,242,262,224,294,277,239,206,280,296,117,264,234,157,131,286,208,115,169,161,226,102,128,114,184,172,190,290,110,124,
279,197,107,279,108,299,195,134,163,230,283,186,237,262,278,238,213,155,234,128,261,143,168,265,198,216,138,162,139,220,236,191,286,176,255,145,133,199,182,148,241,246,276,215,134,245,237,169,217,211,157,295,225,274,171,154,299,287,177,143,243,236,261,265,297,132,192,199,251,268,122,225,118,149,227,134,188,222,176,247,219,102,241,207,211,200,157,251,
186,131,242,156,287,211,288,200,297,283,150,207,121,264,201,254,231,294,114,107,266,244,296,271,219,243,121,207,150,155,151,158,243,154,128,178,201,204,295,239,109,108,197,290,261,135,200,266,134,241,208,232,227,200,124,169,288,223,249,170,135,107,273,160,185,216,117,189,161,264,114,287,133,232,162,199,195,219,112,112,107,125,181,138,207,205,190,
129,186,149,102,240,195,299,210,160,207,186,152,140,294,207,168,169,111,153,295,184,212,248,272,159,179,274,169,129,170,279,131,235,287,296,135,286,235,191,179,222,228,241,289,235,296,198,194,132,259,105,106,132,286,147,247,289,239,130,249,149,109,283,207,293,276,164,236,121,142,250,156,152,218,187,300,257,169,250,294,146,247,276,248,194,226,
142,105,100,186,227,165,128,104,219,238,135,202,156,113,169,135,228,129,210,166,238,159,258,153,228,100,274,117,275,112,236,145,226,172,176,150,130,218,140,280,175,274,111,262,169,186,157,131,187,196,275,110,271,117,143,257,277,286,125,265,161,193,122,251,108,204,151,248,194,133,231,223,251,174,121,199,290,241,130,170,159,249,148,292,219,
260,189,250,233,254,283,254,216,242,192,284,240,215,153,284,241,253,192,108,224,132,156,145,285,263,207,227,279,247,140,259,122,215,191,217,219,185,181,103,122,210,188,258,212,288,260,256,299,183,260,209,211,115,273,103,260,200,148,187,134,194,180,249,223,197,139,128,139,171,178,271,107,255,204,275,138,270,111,250,136,115,158,295,166,
145,297,220,175,100,198,129,283,108,276,271,269,220,233,291,230,136,141,264,238,168,126,217,224,102,167,245,249,131,247,162,294,170,274,154,196,192,277,261,158,127,113,170,289,217,271,228,186,233,198,258,101,264,182,256,134,139,124,144,159,140,202,152,225,131,278,204,156,162,244,185,181,263,138,197,183,256,219,214,287,153,143,204,
294,277,106,135,191,188,257,185,298,176,136,162,213,274,300,190,174,148,220,227,255,200,156,150,247,281,214,199,140,262,235,236,248,176,116,262,187,295,275,115,132,218,193,222,294,221,300,218,175,260,169,231,259,110,195,164,202,194,224,266,170,166,167,105,115,298,262,114,142,226,156,248,136,220,163,164,174,181,238,194,286,122,
202,220,243,259,106,143,136,292,193,230,164,242,256,288,232,262,240,254,186,153,270,202,126,181,234,277,248,174,281,173,124,141,152,173,231,285,117,190,122,199,163,135,221,298,176,271,146,191,155,132,132,189,198,191,207,137,206,296,118,129,126,271,226,148,285,103,165,247,173,148,173,294,171,277,286,220,165,256,173,102,285,
253,265,288,168,192,112,101,190,141,123,110,282,165,108,293,255,153,281,138,131,130,159,244,210,236,282,206,167,111,195,238,262,261,260,287,202,161,288,157,190,240,140,154,283,204,161,266,180,147,196,226,105,150,191,114,256,183,217,122,294,239,249,247,273,102,163,131,158,241,232,224,119,174,270,282,238,112,293,212,186,
139,117,150,243,236,240,104,138,134,129,290,207,170,293,169,194,164,202,128,198,210,219,149,190,295,194,216,205,199,229,283,112,279,109,207,211,157,212,228,275,129,115,152,171,229,221,178,142,288,148,219,190,243,199,150,135,240,274,202,243,222,275,147,229,139,147,298,245,102,282,120,166,145,270,252,253,284,209,163,
298,272,295,247,164,156,132,296,161,103,283,240,237,253,218,119,196,196,152,189,287,299,126,299,253,211,157,120,287,213,258,163,183,268,183,162,279,211,143,174,280,270,224,104,143,106,155,212,256,185,217,129,218,213,150,300,241,208,192,257,295,167,246,233,185,220,233,213,150,228,138,251,227,297,229,264,148,201,
241,104,140,222,106,220,275,161,247,288,268,249,244,206,266,158,255,191,145,197,257,287,132,125,269,169,284,146,261,285,182,294,253,124,268,256,264,205,174,130,184,147,223,214,247,179,245,184,282,156,215,207,140,241,191,243,246,134,127,229,167,255,164,236,260,285,279,195,269,235,210,231,182,124,165,242,277,
152,179,179,286,147,201,173,145,208,153,242,139,104,180,110,150,177,174,257,258,152,263,163,216,292,203,209,265,140,279,118,197,113,173,242,187,234,146,208,164,218,135,216,224,258,137,162,139,249,153,167,115,198,213,100,208,252,277,273,271,269,160,242,300,241,190,212,191,197,197,267,296,157,152,272,108,
142,292,133,216,159,254,165,103,114,295,277,227,258,139,110,272,157,266,285,100,230,161,266,203,112,202,194,255,196,289,125,210,110,131,165,212,210,170,285,159,216,203,147,246,115,300,101,297,258,228,139,143,278,193,113,164,192,227,258,117,297,121,101,125,249,199,209,151,195,140,230,175,268,195,160,
144,278,261,217,232,115,255,213,145,220,290,290,112,176,221,230,110,167,296,149,212,156,232,118,271,276,114,150,262,152,264,260,249,145,194,220,219,255,295,121,213,279,106,244,255,171,108,136,191,133,150,125,160,175,267,186,219,253,279,118,267,209,119,154,181,181,110,271,167,250,175,252,270,158,
161,259,264,225,291,211,250,172,103,188,296,236,106,107,109,243,286,137,198,151,285,152,261,227,266,229,153,254,286,226,287,240,123,188,285,138,134,283,168,169,100,212,161,175,232,149,229,221,211,106,184,226,118,180,255,297,209,111,120,171,108,225,236,259,110,119,116,197,183,256,190,220,189,
215,218,228,202,104,182,237,276,158,144,207,234,204,186,147,156,206,244,248,148,206,227,264,139,277,192,245,113,277,116,216,285,249,266,188,230,272,280,189,172,111,255,120,207,148,243,300,131,274,198,111,185,187,172,210,235,257,221,233,266,299,150,110,179,229,260,206,155,298,284,120,267,
241,111,129,273,282,120,238,208,268,145,298,172,239,280,133,226,243,283,152,172,178,219,132,163,125,173,143,272,176,231,112,215,290,206,221,160,266,107,122,158,274,239,254,132,239,298,119,215,265,283,165,177,260,188,131,170,103,278,243,199,278,156,260,152,131,165,241,277,182,174,226,
136,290,274,271,248,112,188,119,148,251,275,151,129,291,291,113,122,168,292,194,230,162,204,236,178,216,199,195,165,235,115,109,181,141,136,243,278,228,254,298,285,206,141,135,158,126,181,159,161,114,112,296,100,227,229,107,155,234,122,226,114,116,175,126,255,221,196,266,105,200,
287,226,285,205,129,109,223,125,222,294,149,107,266,176,140,209,148,226,159,224,154,235,233,242,141,166,254,178,131,165,195,293,243,299,300,160,208,226,295,210,187,198,248,290,218,236,172,197,297,256,134,161,221,199,129,285,154,286,273,197,207,265,139,236,274,131,102,173,159,
281,282,203,291,186,195,162,286,230,142,242,217,157,208,153,118,264,218,220,129,185,115,298,124,235,142,232,118,202,196,145,262,186,201,196,122,172,126,196,284,102,271,166,126,154,108,201,245,282,226,128,299,113,230,149,107,185,264,237,266,191,295,256,213,273,243,149,288,
123,198,111,237,246,110,193,173,262,255,219,296,101,299,159,288,183,198,177,120,155,182,298,190,247,126,121,161,213,156,296,159,227,159,186,201,136,241,185,199,160,117,284,220,289,149,239,283,281,274,124,236,263,151,109,175,155,250,136,252,111,275,236,299,201,108,173,
272,176,217,151,125,199,205,206,199,257,139,277,290,108,131,192,261,138,283,246,100,106,202,288,198,238,128,232,141,201,261,291,157,260,121,173,170,252,163,153,195,238,213,194,220,110,254,223,118,100,255,188,146,115,122,132,229,107,208,295,293,291,210,255,150,177,
275,114,198,268,132,221,147,211,284,156,210,263,292,134,179,131,252,293,167,248,168,229,153,119,129,292,281,297,260,266,127,299,265,251,213,130,183,293,265,204,289,192,122,118,167,187,251,240,251,167,141,103,209,258,268,206,269,272,115,108,238,248,272,124,113,
193,274,169,240,180,287,260,299,266,162,255,229,193,269,200,284,214,250,137,266,210,107,119,117,149,267,126,140,135,105,130,183,253,274,161,217,172,135,283,154,242,290,189,261,263,196,147,187,215,187,151,270,214,114,280,123,145,197,283,241,194,186,165,240,
255,236,244,159,187,167,154,179,214,295,276,204,297,256,107,206,121,223,211,244,300,242,251,139,192,183,185,188,177,178,195,284,141,221,102,158,291,277,225,184,198,160,128,152,195,191,161,283,217,175,266,201,261,122,193,246,109,199,293,139,178,235,260,
242,169,132,201,176,183,233,196,178,168,197,280,155,272,259,121,191,146,118,131,224,287,144,186,255,180,277,264,226,212,149,124,134,209,137,109,135,258,189,219,273,224,192,282,199,236,115,174,167,188,232,298,204,104,275,298,124,268,208,102,219,277,
248,236,166,166,163,111,187,153,168,207,148,289,157,218,126,165,123,137,109,199,205,140,224,147,299,179,146,141,254,220,233,264,198,107,144,111,248,218,250,137,291,213,122,267,106,176,297,249,244,289,246,225,214,109,123,267,230,118,194,202,151,
230,183,218,118,287,200,238,180,224,293,264,254,199,158,145,186,260,129,181,211,123,220,281,171,105,172,119,116,223,266,237,184,175,167,122,169,166,193,152,287,249,145,176,198,286,297,188,291,182,161,173,136,262,235,185,270,215,252,295,116,
238,230,260,130,246,170,126,164,209,115,135,233,144,285,202,130,216,121,219,111,222,137,219,275,238,294,266,237,123,132,106,240,172,168,270,174,293,109,119,131,275,117,148,263,128,156,145,105,177,267,101,182,203,286,199,151,168,230,218,
178,169,293,254,262,276,289,132,261,245,198,158,283,134,179,120,220,138,143,242,114,255,187,297,267,293,218,172,160,294,263,188,231,159,114,246,246,185,243,172,128,116,254,104,153,189,230,263,259,270,225,277,259,125,177,245,105,209,
192,167,182,119,150,135,204,277,181,234,161,144,203,255,264,164,142,298,139,118,230,147,144,250,192,207,175,293,110,242,293,128,107,161,221,191,182,126,275,173,201,157,216,200,116,141,142,187,195,233,103,118,299,171,196,243,259,
103,207,165,201,157,204,174,173,164,233,247,282,124,267,205,299,171,187,140,236,128,171,260,110,127,140,160,194,208,293,266,247,243,242,289,135,201,132,186,192,161,163,171,175,283,135,178,233,253,268,254,149,248,295,154,172,
221,118,231,112,204,132,284,149,114,194,221,175,123,299,136,278,253,111,247,211,247,294,273,210,264,170,102,179,164,151,223,209,182,273,140,190,154,234,148,185,200,242,142,206,248,157,272,159,213,131,123,259,238,291,258,
130,221,129,288,136,120,216,221,145,223,298,160,195,142,148,160,293,174,268,160,150,126,163,281,255,230,111,173,131,137,188,290,151,147,145,171,144,158,145,209,167,187,210,262,211,290,251,220,278,160,255,221,180,199,
188,213,155,178,213,287,164,264,219,207,107,168,149,130,215,164,194,300,297,167,163,197,127,268,293,111,178,251,269,263,297,257,162,192,260,245,170,115,133,175,205,241,259,179,172,231,255,247,161,300,101,141,241,
260,278,133,243,291,219,165,188,154,149,110,117,201,147,259,175,276,213,132,209,186,251,254,286,184,227,266,163,148,151,241,205,106,171,214,162,143,288,143,202,111,298,224,196,125,267,106,103,175,276,187,261,
268,219,105,251,202,177,237,241,160,258,271,229,256,146,276,184,127,264,149,212,108,159,146,253,214,136,284,170,252,266,186,162,213,126,172,292,276,229,285,137,236,173,139,203,195,234,216,281,153,266,150,
144,184,116,244,211,261,216,262,243,265,296,252,143,133,105,287,274,230,121,217,277,297,119,101,232,263,130,238,252,298,180,250,163,201,206,212,101,166,259,290,150,131,209,112,196,161,133,252,241,138,
188,230,195,234,258,256,244,295,139,222,208,158,281,211,239,208,221,261,260,235,210,187,196,218,209,243,281,228,237,295,191,299,265,198,200,296,123,296,107,129,113,208,209,105,158,230,151,110,224,
216,236,103,245,284,281,120,265,294,208,171,131,118,212,179,137,107,136,128,126,133,238,242,111,192,118,279,116,232,203,116,111,206,263,178,179,197,178,270,155,274,248,143,227,277,281,126,256,
183,179,249,189,138,127,108,123,227,149,224,280,245,175,110,130,254,273,148,236,196,183,267,174,132,259,281,102,166,253,144,219,300,167,181,215,247,232,168,142,237,167,229,179,105,199,209,
120,203,139,263,218,174,234,137,136,222,271,242,211,136,113,187,244,266,145,134,177,103,101,240,134,164,143,202,171,271,198,133,280,234,178,253,236,174,226,161,242,203,234,122,204,143,
293,279,288,297,122,265,230,103,269,236,266,101,166,190,197,129,167,132,192,275,210,226,103,270,103,197,138,201,300,288,122,229,275,257,144,161,297,220,177,223,272,296,278,274,207,
288,142,202,224,268,280,130,140,279,229,266,172,132,191,263,179,223,216,192,183,186,261,150,236,229,270,161,245,224,122,102,145,235,115,149,193,257,295,280,278,158,132,159,115,
214,151,198,208,223,184,290,236,208,121,146,191,179,292,147,226,126,220,114,199,247,190,259,131,143,250,186,134,185,289,210,148,183,171,254,191,222,207,115,123,216,140,295,
282,252,127,229,283,254,121,134,157,220,251,180,269,270,148,103,288,148,170,262,199,285,111,113,259,289,297,219,278,263,284,216,241,228,291,230,275,118,150,280,271,219,
280,228,121,297,137,200,248,208,117,167,158,141,248,169,125,197,190,157,193,223,126,206,125,156,165,190,148,254,255,286,142,217,286,114,256,294,155,244,180,122,265,
140,124,286,169,188,254,238,205,182,264,192,217,296,289,215,115,108,243,129,195,201,101,155,221,250,240,120,278,141,100,134,147,236,271,199,123,167,178,160,270,
214,206,236,121,191,125,241,281,166,283,113,209,212,135,236,278,195,137,245,195,206,290,172,226,288,258,225,200,127,215,261,278,132,279,156,172,135,158,172,
228,205,140,139,255,201,172,226,241,300,212,234,206,293,199,143,171,294,120,288,232,194,276,224,177,297,252,186,186,202,118,135,216,275,112,296,182,243,
137,149,170,186,167,280,285,279,243,221,115,226,264,124,152,256,109,196,115,268,293,290,162,153,269,273,150,275,196,119,300,103,165,280,242,167,249,
101,239,177,287,292,273,183,251,280,171,150,257,220,279,120,201,272,196,247,249,235,132,115,298,197,135,131,110,147,101,174,214,108,207,295,130,
194,141,120,270,145,258,156,223,147,107,255,277,211,130,179,127,180,249,273,260,250,128,126,173,108,278,278,145,271,194,294,205,260,209,265,
166,202,246,123,184,238,154,163,290,231,171,165,241,290,261,190,129,256,216,117,129,129,163,144,161,169,235,278,125,229,158,287,135,185,
289,238,239,242,199,122,130,163,201,171,107,292,297,286,239,165,185,252,217,223,106,238,244,200,193,175,246,164,142,145,191,226,100,
248,296,221,257,293,147,216,222,210,219,272,187,146,255,113,264,286,274,232,283,109,281,101,189,167,218,220,124,149,121,282,156,
184,228,132,164,173,170,130,125,262,109,173,261,197,181,155,208,170,253,270,125,134,233,267,262,231,236,295,118,225,154,274,
159,268,252,122,258,123,192,258,131,134,179,240,178,297,191,250,181,126,267,278,198,200,298,215,255,238,108,140,192,294,
186,164,206,168,208,151,203,166,284,261,103,294,283,267,241,229,162,238,168,299,242,160,121,217,110,114,145,279,132,
145,128,245,269,143,139,121,257,180,219,168,106,108,247,285,156,126,289,258,136,267,214,202,104,268,154,180,104,
243,299,106,211,299,251,263,158,200,275,141,261,231,109,253,130,257,101,141,228,244,162,122,223,181,226,129,
170,220,199,152,206,184,249,240,149,155,112,135,204,219,210,248,244,278,183,104,129,111,286,271,127,122,
277,270,269,167,189,178,147,249,263,211,277,256,137,107,184,251,273,264,249,284,150,241,215,254,229,
213,190,299,170,172,123,164,213,143,126,109,285,153,197,136,187,214,112,165,149,264,175,204,162,
175,238,168,262,219,117,209,283,110,106,171,235,293,235,250,201,105,243,176,189,106,167,264,
256,109,120,118,176,257,237,121,230,198,216,223,227,255,112,194,238,211,105,128,215,121,
198,263,243,148,269,140,110,196,264,275,243,106,108,163,163,127,189,188,235,270,293,
205,192,199,177,265,284,289,109,293,285,282,285,165,202,216,280,161,294,234,267,
266,169,207,211,245,159,145,117,163,273,131,160,184,215,136,251,100,234,270,
215,227,300,292,141,132,235,118,257,261,125,271,279,144,290,141,189,276,
287,236,145,209,163,122,119,197,196,224,138,154,174,202,146,186,254,
190,187,189,161,125,123,172,242,173,138,289,277,186,140,210,203,
182,164,219,271,181,256,275,271,136,112,154,119,169,152,238,
138,253,217,225,291,285,233,131,256,175,110,278,295,152,
128,227,300,171,208,138,162,172,130,192,244,276,122,
168,255,160,104,288,195,160,138,298,239,251,245,
130,173,200,178,120,143,212,292,210,207,129,
274,268,128,218,258,216,146,121,179,208,
259,192,250,203,259,259,221,197,284,
274,238,207,111,112,211,268,285,
253,261,212,293,225,220,157,
152,104,294,169,209,213,
197,254,210,261,213,
107,203,264,146,
229,166,110,
283,254,
271